18
0.5 -0.5 2
-0.5 -0.5 2
-0.5 0.5 2
0.5 0.5 2
0.5 -0.5 0
-0.5 -0.5 0
-0.5 0.5 0
0.5 0.5 0
0.5 -0.5 -2
-0.5 -0.5 -2
-0.5 0.5 -2
0.5 0.5 -2
0.5 0.5 1
-0.5 0.5 1
-0.5 1.5 1
0.5 1.5 1
-0.5 1.5 2
0.5 1.5 2
30
6 12 13 1
6 12 7 1
0 1 2 2
0 3 2 2
0 1 4 0
1 4 5 0
0 3 4 4
3 4 7 4
1 2 5 5
2 5 6 5
4 5 8 0
5 8 9 0
4 7 8 4
7 8 11 4
5 6 9 5
6 9 10 5
6 7 10 1
7 10 11 1
8 9 10 3
8 11 10 3
12 14 13 3
12 14 15 3
3 15 12 4
3 15 17 4
3 2 16 2
3 16 17 2
15 16 17 1
15 16 14 1
2 14 13 5
2 14 16 5
0 -1 0
0 1 0
0 0 1
0 0 -1
1 0 0
-1 0 0
0 0 0