20
0.5 -1.5 1
-0.5 -1.5 1
-0.5 -1.5 0
0.5 -1.5 0
0.5 -0.5 0
0.5 -0.5 1
-0.5 -0.5 1
-0.5 -0.5 0
-0.5 0.5 0
-0.5 0.5 1
0.5 0.5 1
0.5 0.5 0
0.5 0.5 -1
0.5 -0.5 -1
-0.5 -0.5 -1
-0.5 0.5 -1
-0.5 1.5 0
-0.5 1.5 1
0.5 1.5 1
0.5 1.5 0
36
0 1 3 0
2 1 3 0
0 5 3 4
4 3 5 4
7 2 6 5
1 2 6 5
10 5 11 4
4 5 11 4
5 9 10 2
6 5 9 2
19 11 18 4
10 11 18 4
9 10 17 2
18 10 17 2
18 19 17 1
16 19 17 1
9 8 17 5
16 8 17 5
9 6 8 5
7 6 8 5
13 4 12 4
11 4 12 4
14 7 13 0
4 7 13 0
15 12 8 1
11 12 8 1
8 7 15 5
14 7 15 5
8 11 16 3
19 11 16 3
2 3 7 3
4 3 7 3
13 14 15 3
13 15 12 3
0 1 6 2
0 5 6 2
0 -1 0
0 1 0
0 0 1
0 0 -1
1 0 0
-1 0 0
0 0 0