20
0.5 -1.5 1
0.5 -1.5 0
-0.5 -1.5 1
-0.5 -1.5 0
-0.5 -0.5 1
-0.5 -0.5 0
0.5 -0.5 0
0.5 -0.5 1
-0.5 0.5 1
-0.5 0.5 0
0.5 0.5 0
0.5 0.5 1
-0.5 -0.5 -1
0.5 -0.5 -1
-0.5 0.5 -1
0.5 0.5 -1
-0.5 1.5 0
0.5 1.5 0
-0.5 1.5 -1
0.5 1.5 -1
36
0 1 2
0 2 7
0 1 7
1 2 3
1 3 6
1 5 6
3 5 6
2 4 7
2 4 5
2 3 5
4 5 9
4 8 9
4 7 8
7 8 11
6 7 11
6 10 11
8 9 10
8 10 11
5 9 12
9 12 14
5 6 13
5 12 13
12 14 15
12 13 15
6 13 15
6 10 15
9 16 17
9 10 17
9 14 16
14 16 18
16 17 18
17 18 19
14 18 19
14 15 19
10 15 17
15 17 19
0 0 0